 *************************************************************************************

Simple superlevel assignments for Carbon Monoxide, up to v= 10 and J= 40

 Data taken from Li et al., 2015.  Accessed 2021. URL: https://ui.adsabs.harvard.edu/abs/2015ApJS..216...15L/abstract

                      Level Name     g       E(cm^-1)    10^15 Hz   Lam(A)        SL
 *************************************************************************************

25-Sep-2021                                        !Date Created
451                                                !Number of energy levels
                                                 6 !Entry number of link to super level
 
Rovibration_vJ|0[0]                1.0         0.0000     3.38857    8.847E+02       1       0       1
Rovibration_vJ|0[1]                3.0         3.8450     3.38845    8.847E+02       1       0       2
Rovibration_vJ|0[2]                5.0        11.5350     3.38822    8.848E+02       1       0       3
Rovibration_vJ|0[3]                7.0        23.0695     3.38788    8.849E+02       1       0       4
Rovibration_vJ|0[4]                9.0        38.4481     3.38742    8.850E+02       1       0       5
Rovibration_vJ|0[5]               11.0        57.6704     3.38684    8.852E+02       1       0       6
Rovibration_vJ|0[6]               13.0        80.7354     3.38615    8.853E+02       1       0       7
Rovibration_vJ|0[7]               15.0       107.6424     3.38534    8.856E+02       1       0       8
Rovibration_vJ|0[8]               17.0       138.3903     3.38442    8.858E+02       1       0       9
Rovibration_vJ|0[9]               19.0       172.9780     3.38338    8.861E+02       1       0      10
Rovibration_vJ|0[10]              21.0       211.4041     3.38223    8.864E+02       1       0      11
Rovibration_vJ|0[11]              23.0       253.6672     3.38097    8.867E+02       1       0      12
Rovibration_vJ|0[12]              25.0       299.7655     3.37958    8.871E+02       1       0      13
Rovibration_vJ|0[13]              27.0       349.6975     3.37809    8.875E+02       1       0      14
Rovibration_vJ|0[14]              29.0       403.4611     3.37647    8.879E+02       1       0      15
Rovibration_vJ|0[15]              31.0       461.0544     3.37475    8.883E+02       1       0      16
Rovibration_vJ|0[16]              33.0       522.4751     3.37291    8.888E+02       1       0      17
Rovibration_vJ|0[17]              35.0       587.7208     3.37095    8.893E+02       1       0      18
Rovibration_vJ|0[18]              37.0       656.7891     3.36888    8.899E+02       1       0      19
Rovibration_vJ|0[19]              39.0       729.6774     3.36669    8.905E+02       1       0      20
Rovibration_vJ|0[20]              41.0       806.3827     3.36440    8.911E+02       1       0      21
Rovibration_vJ|0[21]              43.0       886.9023     3.36198    8.917E+02       1       0      22
Rovibration_vJ|0[22]              45.0       971.2331     3.35945    8.924E+02       1       0      23
Rovibration_vJ|0[23]              47.0      1059.3717     3.35681    8.931E+02       1       0      24
Rovibration_vJ|0[24]              49.0      1151.3149     3.35405    8.938E+02       1       0      25
Rovibration_vJ|0[25]              51.0      1247.0591     3.35118    8.946E+02       1       0      26
Rovibration_vJ|0[26]              53.0      1346.6007     3.34820    8.954E+02       1       0      27
Rovibration_vJ|0[27]              55.0      1449.9358     3.34510    8.962E+02       1       0      28
Rovibration_vJ|0[28]              57.0      1557.0605     3.34189    8.971E+02       1       0      29
Rovibration_vJ|0[29]              59.0      1667.9707     3.33857    8.980E+02       1       0      30
Rovibration_vJ|0[30]              61.0      1782.6622     3.33513    8.989E+02       1       0      31
Rovibration_vJ|0[31]              63.0      1901.1306     3.33158    8.999E+02       1       0      32
Rovibration_vJ|0[32]              65.0      2023.3713     3.32791    9.008E+02       1       0      33
Rovibration_vJ|1[0]                1.0      2143.2711     3.32432    9.018E+02       2       0      34
Rovibration_vJ|1[1]                3.0      2147.0811     3.32420    9.018E+02       2       0      35
Rovibration_vJ|0[33]              67.0      2149.3796     3.32413    9.019E+02       1       0      36
Rovibration_vJ|1[2]                5.0      2154.7010     3.32397    9.019E+02       2       0      37
Rovibration_vJ|1[3]                7.0      2166.1305     3.32363    9.020E+02       2       0      38
Rovibration_vJ|1[4]                9.0      2181.3692     3.32317    9.021E+02       2       0      39
Rovibration_vJ|1[5]               11.0      2200.4164     3.32260    9.023E+02       2       0      40
Rovibration_vJ|1[6]               13.0      2223.2714     3.32192    9.025E+02       2       0      41
Rovibration_vJ|1[7]               15.0      2249.9333     3.32112    9.027E+02       2       0      42
Rovibration_vJ|0[34]              69.0      2279.1508     3.32024    9.029E+02       1       0      43
Rovibration_vJ|1[8]               17.0      2280.4012     3.32021    9.029E+02       2       0      44
Rovibration_vJ|1[9]               19.0      2314.6738     3.31918    9.032E+02       2       0      45
Rovibration_vJ|1[10]              21.0      2352.7499     3.31804    9.035E+02       2       0      46
Rovibration_vJ|1[11]              23.0      2394.6278     3.31678    9.039E+02       2       0      47
Rovibration_vJ|0[35]              71.0      2412.6799     3.31624    9.040E+02       1       0      48
Rovibration_vJ|1[12]              25.0      2440.3061     3.31541    9.042E+02       2       0      49
Rovibration_vJ|1[13]              27.0      2489.7830     3.31393    9.046E+02       2       0      50
Rovibration_vJ|1[14]              29.0      2543.0566     3.31233    9.051E+02       2       0      51
Rovibration_vJ|0[36]              73.0      2549.9617     3.31212    9.051E+02       1       0      52
Rovibration_vJ|1[15]              31.0      2600.1247     3.31062    9.055E+02       2       0      53
Rovibration_vJ|1[16]              33.0      2660.9853     3.30880    9.060E+02       2       0      54
Rovibration_vJ|0[37]              75.0      2690.9910     3.30790    9.063E+02       1       0      55
Rovibration_vJ|1[17]              35.0      2725.6359     3.30686    9.066E+02       2       0      56
Rovibration_vJ|1[18]              37.0      2794.0741     3.30481    9.071E+02       2       0      57
Rovibration_vJ|0[38]              77.0      2835.7624     3.30356    9.075E+02       1       0      58
Rovibration_vJ|1[19]              39.0      2866.2973     3.30264    9.077E+02       2       0      59
Rovibration_vJ|1[20]              41.0      2942.3025     3.30036    9.084E+02       2       0      60
Rovibration_vJ|0[39]              79.0      2984.2703     3.29910    9.087E+02       1       0      61
Rovibration_vJ|1[21]              43.0      3022.0870     3.29797    9.090E+02       2       0      62
Rovibration_vJ|1[22]              45.0      3105.6476     3.29546    9.097E+02       2       0      63
Rovibration_vJ|0[40]              81.0      3136.5091     3.29454    9.100E+02       1       0      64
Rovibration_vJ|1[23]              47.0      3192.9811     3.29285    9.104E+02       2       0      65
Rovibration_vJ|1[24]              49.0      3284.0842     3.29012    9.112E+02       2       0      66
Rovibration_vJ|1[25]              51.0      3378.9532     3.28727    9.120E+02       2       0      67
Rovibration_vJ|1[26]              53.0      3477.5847     3.28431    9.128E+02       2       0      68
Rovibration_vJ|1[27]              55.0      3579.9746     3.28124    9.137E+02       2       0      69
Rovibration_vJ|1[28]              57.0      3686.1192     3.27806    9.145E+02       2       0      70
Rovibration_vJ|1[29]              59.0      3796.0143     3.27477    9.155E+02       2       0      71
Rovibration_vJ|1[30]              61.0      3909.6556     3.27136    9.164E+02       2       0      72
Rovibration_vJ|1[31]              63.0      4027.0388     3.26784    9.174E+02       2       0      73
Rovibration_vJ|1[32]              65.0      4148.1594     3.26421    9.184E+02       2       0      74
Rovibration_vJ|2[0]                1.0      4260.0622     3.26086    9.194E+02       3       0      75
Rovibration_vJ|2[1]                3.0      4263.8372     3.26074    9.194E+02       3       0      76
Rovibration_vJ|2[2]                5.0      4271.3871     3.26052    9.195E+02       3       0      77
Rovibration_vJ|1[33]              67.0      4273.0125     3.26047    9.195E+02       2       0      78
Rovibration_vJ|2[3]                7.0      4282.7116     3.26018    9.196E+02       3       0      79
Rovibration_vJ|2[4]                9.0      4297.8102     3.25972    9.197E+02       3       0      80
Rovibration_vJ|2[5]               11.0      4316.6824     3.25916    9.198E+02       3       0      81
Rovibration_vJ|2[6]               13.0      4339.3274     3.25848    9.200E+02       3       0      82
Rovibration_vJ|2[7]               15.0      4365.7443     3.25769    9.203E+02       3       0      83
Rovibration_vJ|2[8]               17.0      4395.9321     3.25678    9.205E+02       3       0      84
Rovibration_vJ|1[34]              69.0      4401.5936     3.25661    9.206E+02       2       0      85
Rovibration_vJ|2[9]               19.0      4429.8897     3.25576    9.208E+02       3       0      86
Rovibration_vJ|2[10]              21.0      4467.6157     3.25463    9.211E+02       3       0      87
Rovibration_vJ|2[11]              23.0      4509.1086     3.25339    9.215E+02       3       0      88
Rovibration_vJ|1[35]              71.0      4533.8974     3.25265    9.217E+02       2       0      89
Rovibration_vJ|2[12]              25.0      4554.3669     3.25203    9.219E+02       3       0      90
Rovibration_vJ|2[13]              27.0      4603.3887     3.25056    9.223E+02       3       0      91
Rovibration_vJ|2[14]              29.0      4656.1722     3.24898    9.227E+02       3       0      92
Rovibration_vJ|1[36]              73.0      4669.9191     3.24857    9.228E+02       2       0      93
Rovibration_vJ|2[15]              31.0      4712.7153     3.24729    9.232E+02       3       0      94
Rovibration_vJ|2[16]              33.0      4773.0158     3.24548    9.237E+02       3       0      95
Rovibration_vJ|1[37]              75.0      4809.6532     3.24438    9.240E+02       2       0      96
Rovibration_vJ|2[17]              35.0      4837.0714     3.24356    9.243E+02       3       0      97
Rovibration_vJ|2[18]              37.0      4904.8795     3.24152    9.249E+02       3       0      98
Rovibration_vJ|1[38]              77.0      4953.0944     3.24008    9.253E+02       2       0      99
Rovibration_vJ|2[19]              39.0      4976.4376     3.23938    9.255E+02       3       0     100
Rovibration_vJ|2[20]              41.0      5051.7427     3.23712    9.261E+02       3       0     101
Rovibration_vJ|1[39]              79.0      5100.2372     3.23567    9.265E+02       2       0     102
Rovibration_vJ|2[21]              43.0      5130.7921     3.23475    9.268E+02       3       0     103
Rovibration_vJ|2[22]              45.0      5213.5827     3.23227    9.275E+02       3       0     104
Rovibration_vJ|1[40]              81.0      5251.0758     3.23115    9.278E+02       2       0     105
Rovibration_vJ|2[23]              47.0      5300.1111     3.22968    9.282E+02       3       0     106
Rovibration_vJ|2[24]              49.0      5390.3740     3.22697    9.290E+02       3       0     107
Rovibration_vJ|2[25]              51.0      5484.3680     3.22415    9.298E+02       3       0     108
Rovibration_vJ|2[26]              53.0      5582.0893     3.22122    9.307E+02       3       0     109
Rovibration_vJ|2[27]              55.0      5683.5342     3.21818    9.316E+02       3       0     110
Rovibration_vJ|2[28]              57.0      5788.6987     3.21503    9.325E+02       3       0     111
Rovibration_vJ|2[29]              59.0      5897.5787     3.21176    9.334E+02       3       0     112
Rovibration_vJ|2[30]              61.0      6010.1699     3.20839    9.344E+02       3       0     113
Rovibration_vJ|2[31]              63.0      6126.4679     3.20490    9.354E+02       3       0     114
Rovibration_vJ|2[32]              65.0      6246.4683     3.20130    9.365E+02       3       0     115
Rovibration_vJ|3[0]                1.0      6350.4391     3.19819    9.374E+02       4       0     116
Rovibration_vJ|3[1]                3.0      6354.1791     3.19808    9.374E+02       4       0     117
Rovibration_vJ|3[2]                5.0      6361.6590     3.19785    9.375E+02       4       0     118
Rovibration_vJ|2[33]              67.0      6370.1664     3.19760    9.376E+02       3       0     119
Rovibration_vJ|3[3]                7.0      6372.8785     3.19752    9.376E+02       4       0     120
Rovibration_vJ|3[4]                9.0      6387.8371     3.19707    9.377E+02       4       0     121
Rovibration_vJ|3[5]               11.0      6406.5342     3.19651    9.379E+02       4       0     122
Rovibration_vJ|3[6]               13.0      6428.9692     3.19583    9.381E+02       4       0     123
Rovibration_vJ|3[7]               15.0      6455.1411     3.19505    9.383E+02       4       0     124
Rovibration_vJ|3[8]               17.0      6485.0490     3.19415    9.386E+02       4       0     125
Rovibration_vJ|2[34]              69.0      6497.5573     3.19378    9.387E+02       3       0     126
Rovibration_vJ|3[9]               19.0      6518.6915     3.19314    9.389E+02       4       0     127
Rovibration_vJ|3[10]              21.0      6556.0675     3.19202    9.392E+02       4       0     128
Rovibration_vJ|3[11]              23.0      6597.1754     3.19079    9.396E+02       4       0     129
Rovibration_vJ|2[35]              71.0      6628.6360     3.18985    9.398E+02       3       0     130
Rovibration_vJ|3[12]              25.0      6642.0137     3.18945    9.400E+02       4       0     131
Rovibration_vJ|3[13]              27.0      6690.5805     3.18799    9.404E+02       4       0     132
Rovibration_vJ|3[14]              29.0      6742.8739     3.18642    9.408E+02       4       0     133
Rovibration_vJ|2[36]              73.0      6763.3975     3.18581    9.410E+02       3       0     134
Rovibration_vJ|3[15]              31.0      6798.8920     3.18474    9.413E+02       4       0     135
Rovibration_vJ|3[16]              33.0      6858.6325     3.18295    9.419E+02       4       0     136
Rovibration_vJ|2[37]              75.0      6901.8365     3.18166    9.423E+02       3       0     137
Rovibration_vJ|3[17]              35.0      6922.0930     3.18105    9.424E+02       4       0     138
Rovibration_vJ|3[18]              37.0      6989.2711     3.17904    9.430E+02       4       0     139
Rovibration_vJ|2[38]              77.0      7043.9475     3.17740    9.435E+02       3       0     140
Rovibration_vJ|3[19]              39.0      7060.1642     3.17691    9.437E+02       4       0     141
Rovibration_vJ|3[20]              41.0      7134.7693     3.17467    9.443E+02       4       0     142
Rovibration_vJ|2[39]              79.0      7189.7251     3.17303    9.448E+02       3       0     143
Rovibration_vJ|3[21]              43.0      7213.0837     3.17233    9.450E+02       4       0     144
Rovibration_vJ|3[22]              45.0      7295.1041     3.16987    9.458E+02       4       0     145
Rovibration_vJ|2[40]              81.0      7339.1636     3.16855    9.462E+02       3       0     146
Rovibration_vJ|3[23]              47.0      7380.8275     3.16730    9.465E+02       4       0     147
Rovibration_vJ|3[24]              49.0      7470.2504     3.16462    9.473E+02       4       0     148
Rovibration_vJ|3[25]              51.0      7563.3694     3.16183    9.482E+02       4       0     149
Rovibration_vJ|3[26]              53.0      7660.1806     3.15892    9.490E+02       4       0     150
Rovibration_vJ|3[27]              55.0      7760.6805     3.15591    9.499E+02       4       0     151
Rovibration_vJ|3[28]              57.0      7864.8649     3.15279    9.509E+02       4       0     152
Rovibration_vJ|3[29]              59.0      7972.7298     3.14955    9.519E+02       4       0     153
Rovibration_vJ|3[30]              61.0      8084.2709     3.14621    9.529E+02       4       0     154
Rovibration_vJ|3[31]              63.0      8199.4839     3.14275    9.539E+02       4       0     155
Rovibration_vJ|3[32]              65.0      8318.3642     3.13919    9.550E+02       4       0     156
Rovibration_vJ|4[0]                1.0      8414.4693     3.13631    9.559E+02       5       0     157
Rovibration_vJ|4[1]                3.0      8418.1743     3.13620    9.559E+02       5       0     158
Rovibration_vJ|4[2]                5.0      8425.5842     3.13598    9.560E+02       5       0     159
Rovibration_vJ|4[3]                7.0      8436.6987     3.13564    9.561E+02       5       0     160
Rovibration_vJ|3[33]              67.0      8440.9072     3.13552    9.561E+02       4       0     161
Rovibration_vJ|4[4]                9.0      8451.5173     3.13520    9.562E+02       5       0     162
Rovibration_vJ|4[5]               11.0      8470.0395     3.13464    9.564E+02       5       0     163
Rovibration_vJ|4[6]               13.0      8492.2645     3.13398    9.566E+02       5       0     164
Rovibration_vJ|4[7]               15.0      8518.1914     3.13320    9.568E+02       5       0     165
Rovibration_vJ|4[8]               17.0      8547.8193     3.13231    9.571E+02       5       0     166
Rovibration_vJ|3[34]              69.0      8567.1080     3.13173    9.573E+02       4       0     167
Rovibration_vJ|4[9]               19.0      8581.1468     3.13131    9.574E+02       5       0     168
Rovibration_vJ|4[10]              21.0      8618.1728     3.13020    9.577E+02       5       0     169
Rovibration_vJ|4[11]              23.0      8658.8958     3.12898    9.581E+02       5       0     170
Rovibration_vJ|3[35]              71.0      8696.9616     3.12784    9.585E+02       4       0     171
Rovibration_vJ|4[12]              25.0      8703.3140     3.12765    9.585E+02       5       0     172
Rovibration_vJ|4[13]              27.0      8751.4258     3.12621    9.590E+02       5       0     173
Rovibration_vJ|4[14]              29.0      8803.2293     3.12465    9.594E+02       5       0     174
Rovibration_vJ|3[36]              73.0      8830.4630     3.12384    9.597E+02       4       0     175
Rovibration_vJ|4[15]              31.0      8858.7224     3.12299    9.600E+02       5       0     176
Rovibration_vJ|4[16]              33.0      8917.9029     3.12122    9.605E+02       5       0     177
Rovibration_vJ|3[37]              75.0      8967.6068     3.11973    9.610E+02       4       0     178
Rovibration_vJ|4[17]              35.0      8980.7685     3.11933    9.611E+02       5       0     179
Rovibration_vJ|4[18]              37.0      9047.3166     3.11734    9.617E+02       5       0     180
Rovibration_vJ|3[38]              77.0      9108.3878     3.11551    9.623E+02       4       0     181
Rovibration_vJ|4[19]              39.0      9117.5446     3.11523    9.623E+02       5       0     182
Rovibration_vJ|4[20]              41.0      9191.4498     3.11302    9.630E+02       5       0     183
Rovibration_vJ|3[39]              79.0      9252.8002     3.11118    9.636E+02       4       0     184
Rovibration_vJ|4[21]              43.0      9269.0292     3.11069    9.637E+02       5       0     185
Rovibration_vJ|4[22]              45.0      9350.2797     3.10825    9.645E+02       5       0     186
Rovibration_vJ|3[40]              81.0      9400.8385     3.10674    9.650E+02       4       0     187
Rovibration_vJ|4[23]              47.0      9435.1981     3.10571    9.653E+02       5       0     188
Rovibration_vJ|4[24]              49.0      9523.7810     3.10305    9.661E+02       5       0     189
Rovibration_vJ|4[25]              51.0      9616.0249     3.10029    9.670E+02       5       0     190
Rovibration_vJ|4[26]              53.0      9711.9262     3.09741    9.679E+02       5       0     191
Rovibration_vJ|4[27]              55.0      9811.4810     3.09443    9.688E+02       5       0     192
Rovibration_vJ|4[28]              57.0      9914.6854     3.09133    9.698E+02       5       0     193
Rovibration_vJ|4[29]              59.0     10021.5353     3.08813    9.708E+02       5       0     194
Rovibration_vJ|4[30]              61.0     10132.0265     3.08482    9.718E+02       5       0     195
Rovibration_vJ|4[31]              63.0     10246.1544     3.08140    9.729E+02       5       0     196
Rovibration_vJ|4[32]              65.0     10363.9147     3.07787    9.740E+02       5       0     197
Rovibration_vJ|5[0]                1.0     10452.2222     3.07522    9.749E+02       6       0     198
Rovibration_vJ|5[1]                3.0     10455.8922     3.07511    9.749E+02       6       0     199
Rovibration_vJ|5[2]                5.0     10463.2321     3.07489    9.750E+02       6       0     200
Rovibration_vJ|5[3]                7.0     10474.2416     3.07456    9.751E+02       6       0     201
Rovibration_vJ|4[33]              67.0     10485.3027     3.07423    9.752E+02       5       0     202
Rovibration_vJ|5[4]                9.0     10488.9202     3.07412    9.752E+02       6       0     203
Rovibration_vJ|5[5]               11.0     10507.2674     3.07357    9.754E+02       6       0     204
Rovibration_vJ|5[6]               13.0     10529.2825     3.07291    9.756E+02       6       0     205
Rovibration_vJ|5[7]               15.0     10554.9644     3.07214    9.758E+02       6       0     206
Rovibration_vJ|5[8]               17.0     10584.3123     3.07126    9.761E+02       6       0     207
Rovibration_vJ|4[34]              69.0     10610.3134     3.07048    9.764E+02       5       0     208
Rovibration_vJ|5[9]               19.0     10617.3249     3.07027    9.764E+02       6       0     209
Rovibration_vJ|5[10]              21.0     10654.0010     3.06917    9.768E+02       6       0     210
Rovibration_vJ|5[11]              23.0     10694.3389     3.06796    9.772E+02       6       0     211
Rovibration_vJ|5[12]              25.0     10738.3373     3.06664    9.776E+02       6       0     212
Rovibration_vJ|4[35]              71.0     10738.9420     3.06662    9.776E+02       5       0     213
Rovibration_vJ|5[13]              27.0     10785.9941     3.06521    9.780E+02       6       0     214
Rovibration_vJ|5[14]              29.0     10837.3077     3.06367    9.785E+02       6       0     215
Rovibration_vJ|4[36]              73.0     10871.1833     3.06266    9.789E+02       5       0     216
Rovibration_vJ|5[15]              31.0     10892.2759     3.06203    9.791E+02       6       0     217
Rovibration_vJ|5[16]              33.0     10950.8964     3.06027    9.796E+02       6       0     218
Rovibration_vJ|4[37]              75.0     11007.0321     3.05859    9.802E+02       5       0     219
Rovibration_vJ|5[17]              35.0     11013.1671     3.05840    9.802E+02       6       0     220
Rovibration_vJ|5[18]              37.0     11079.0852     3.05643    9.809E+02       6       0     221
Rovibration_vJ|4[38]              77.0     11146.4829     3.05441    9.815E+02       5       0     222
Rovibration_vJ|5[19]              39.0     11148.6484     3.05434    9.815E+02       6       0     223
Rovibration_vJ|5[20]              41.0     11221.8536     3.05215    9.822E+02       6       0     224
Rovibration_vJ|4[39]              79.0     11289.5302     3.05012    9.829E+02       5       0     225
Rovibration_vJ|5[21]              43.0     11298.6981     3.04984    9.830E+02       6       0     226
Rovibration_vJ|5[22]              45.0     11379.1786     3.04743    9.838E+02       6       0     227
Rovibration_vJ|4[40]              81.0     11436.1684     3.04572    9.843E+02       5       0     228
Rovibration_vJ|5[23]              47.0     11463.2921     3.04491    9.846E+02       6       0     229
Rovibration_vJ|5[24]              49.0     11551.0351     3.04228    9.854E+02       6       0     230
Rovibration_vJ|5[25]              51.0     11642.4041     3.03954    9.863E+02       6       0     231
Rovibration_vJ|5[26]              53.0     11737.3955     3.03669    9.872E+02       6       0     232
Rovibration_vJ|5[27]              55.0     11836.0053     3.03373    9.882E+02       6       0     233
Rovibration_vJ|5[28]              57.0     11938.2298     3.03067    9.892E+02       6       0     234
Rovibration_vJ|5[29]              59.0     12044.0648     3.02750    9.902E+02       6       0     235
Rovibration_vJ|5[30]              61.0     12153.5059     3.02422    9.913E+02       6       0     236
Rovibration_vJ|5[31]              63.0     12266.5490     3.02083    9.924E+02       6       0     237
Rovibration_vJ|5[32]              65.0     12383.1893     3.01733    9.936E+02       6       0     238
Rovibration_vJ|6[0]                1.0     12463.7686     3.01491    9.944E+02       7       0     239
Rovibration_vJ|6[1]                3.0     12467.4037     3.01481    9.944E+02       7       0     240
Rovibration_vJ|6[2]                5.0     12474.6736     3.01459    9.945E+02       7       0     241
Rovibration_vJ|6[3]                7.0     12485.5781     3.01426    9.946E+02       7       0     242
Rovibration_vJ|6[4]                9.0     12500.1168     3.01382    9.947E+02       7       0     243
Rovibration_vJ|5[33]              67.0     12503.4223     3.01373    9.948E+02       6       0     244
Rovibration_vJ|6[5]               11.0     12518.2890     3.01328    9.949E+02       7       0     245
Rovibration_vJ|6[6]               13.0     12540.0941     3.01263    9.951E+02       7       0     246
Rovibration_vJ|6[7]               15.0     12565.5311     3.01186    9.954E+02       7       0     247
Rovibration_vJ|6[8]               17.0     12594.5991     3.01099    9.957E+02       7       0     248
Rovibration_vJ|5[34]              69.0     12627.2430     3.01001    9.960E+02       6       0     249
Rovibration_vJ|6[9]               19.0     12627.2968     3.01001    9.960E+02       7       0     250
Rovibration_vJ|6[10]              21.0     12663.6229     3.00892    9.963E+02       7       0     251
Rovibration_vJ|6[11]              23.0     12703.5760     3.00772    9.967E+02       7       0     252
Rovibration_vJ|6[12]              25.0     12747.1544     3.00642    9.972E+02       7       0     253
Rovibration_vJ|5[35]              71.0     12754.6466     3.00619    9.972E+02       6       0     254
Rovibration_vJ|6[13]              27.0     12794.3564     3.00500    9.976E+02       7       0     255
Rovibration_vJ|6[14]              29.0     12845.1800     3.00348    9.982E+02       7       0     256
Rovibration_vJ|5[36]              73.0     12885.6279     3.00227    9.986E+02       6       0     257
Rovibration_vJ|6[15]              31.0     12899.6233     3.00185    9.987E+02       7       0     258
Rovibration_vJ|6[16]              33.0     12957.6840     3.00011    9.993E+02       7       0     259
Rovibration_vJ|6[17]              35.0     13019.3598     2.99826    9.999E+02       7       0     260
Rovibration_vJ|5[37]              75.0     13020.1816     2.99823    9.999E+02       6       0     261
Rovibration_vJ|6[18]              37.0     13084.6481     2.99630    1.001E+03       7       0     262
Rovibration_vJ|6[19]              39.0     13153.5463     2.99424    1.001E+03       7       0     263
Rovibration_vJ|5[38]              77.0     13158.3024     2.99409    1.001E+03       6       0     264
Rovibration_vJ|6[20]              41.0     13226.0517     2.99206    1.002E+03       7       0     265
Rovibration_vJ|5[39]              79.0     13299.9847     2.98984    1.003E+03       6       0     266
Rovibration_vJ|6[21]              43.0     13302.1613     2.98978    1.003E+03       7       0     267
Rovibration_vJ|6[22]              45.0     13381.8721     2.98739    1.004E+03       7       0     268
Rovibration_vJ|5[40]              81.0     13445.2228     2.98549    1.004E+03       6       0     269
Rovibration_vJ|6[23]              47.0     13465.1807     2.98489    1.004E+03       7       0     270
Rovibration_vJ|6[24]              49.0     13552.0838     2.98229    1.005E+03       7       0     271
Rovibration_vJ|6[25]              51.0     13642.5780     2.97957    1.006E+03       7       0     272
Rovibration_vJ|6[26]              53.0     13736.6595     2.97675    1.007E+03       7       0     273
Rovibration_vJ|6[27]              55.0     13834.3245     2.97383    1.008E+03       7       0     274
Rovibration_vJ|6[28]              57.0     13935.5691     2.97079    1.009E+03       7       0     275
Rovibration_vJ|6[29]              59.0     14040.3892     2.96765    1.010E+03       7       0     276
Rovibration_vJ|6[30]              61.0     14148.7805     2.96440    1.011E+03       7       0     277
Rovibration_vJ|6[31]              63.0     14260.7387     2.96104    1.012E+03       7       0     278
Rovibration_vJ|6[32]              65.0     14376.2591     2.95758    1.014E+03       7       0     279
Rovibration_vJ|7[0]                1.0     14449.1813     2.95539    1.014E+03       8       0     280
Rovibration_vJ|7[1]                3.0     14452.7814     2.95528    1.014E+03       8       0     281
Rovibration_vJ|7[2]                5.0     14459.9813     2.95507    1.015E+03       8       0     282
Rovibration_vJ|7[3]                7.0     14470.7809     2.95475    1.015E+03       8       0     283
Rovibration_vJ|7[4]                9.0     14485.1796     2.95431    1.015E+03       8       0     284
Rovibration_vJ|6[33]              67.0     14495.3372     2.95401    1.015E+03       7       0     285
Rovibration_vJ|7[5]               11.0     14503.1769     2.95377    1.015E+03       8       0     286
Rovibration_vJ|7[6]               13.0     14524.7721     2.95313    1.015E+03       8       0     287
Rovibration_vJ|7[7]               15.0     14549.9642     2.95237    1.015E+03       8       0     288
Rovibration_vJ|7[8]               17.0     14578.7522     2.95151    1.016E+03       8       0     289
Rovibration_vJ|7[9]               19.0     14611.1350     2.95054    1.016E+03       8       0     290
Rovibration_vJ|6[34]              69.0     14617.9681     2.95033    1.016E+03       7       0     291
Rovibration_vJ|7[10]              21.0     14647.1113     2.94946    1.016E+03       8       0     292
Rovibration_vJ|7[11]              23.0     14686.6795     2.94827    1.017E+03       8       0     293
Rovibration_vJ|7[12]              25.0     14729.8381     2.94698    1.017E+03       8       0     294
Rovibration_vJ|6[35]              71.0     14744.1467     2.94655    1.017E+03       7       0     295
Rovibration_vJ|7[13]              27.0     14776.5852     2.94558    1.018E+03       8       0     296
Rovibration_vJ|7[14]              29.0     14826.9191     2.94407    1.018E+03       8       0     297
Rovibration_vJ|6[36]              73.0     14873.8681     2.94266    1.019E+03       7       0     298
Rovibration_vJ|7[15]              31.0     14880.8375     2.94245    1.019E+03       8       0     299
Rovibration_vJ|7[16]              33.0     14938.3384     2.94073    1.019E+03       8       0     300
Rovibration_vJ|7[17]              35.0     14999.4194     2.93890    1.020E+03       8       0     301
Rovibration_vJ|6[37]              75.0     15007.1269     2.93867    1.020E+03       7       0     302
Rovibration_vJ|7[18]              37.0     15064.0779     2.93696    1.021E+03       8       0     303
Rovibration_vJ|7[19]              39.0     15132.3114     2.93491    1.021E+03       8       0     304
Rovibration_vJ|6[38]              77.0     15143.9177     2.93457    1.022E+03       7       0     305
Rovibration_vJ|7[20]              41.0     15204.1170     2.93276    1.022E+03       8       0     306
Rovibration_vJ|7[21]              43.0     15279.4918     2.93050    1.023E+03       8       0     307
Rovibration_vJ|6[39]              79.0     15284.2350     2.93036    1.023E+03       7       0     308
Rovibration_vJ|7[22]              45.0     15358.4327     2.92813    1.024E+03       8       0     309
Rovibration_vJ|6[40]              81.0     15428.0731     2.92605    1.025E+03       7       0     310
Rovibration_vJ|7[23]              47.0     15440.9366     2.92566    1.025E+03       8       0     311
Rovibration_vJ|7[24]              49.0     15527.0000     2.92308    1.026E+03       8       0     312
Rovibration_vJ|7[25]              51.0     15616.6194     2.92039    1.027E+03       8       0     313
Rovibration_vJ|7[26]              53.0     15709.7911     2.91760    1.028E+03       8       0     314
Rovibration_vJ|7[27]              55.0     15806.5114     2.91470    1.029E+03       8       0     315
Rovibration_vJ|7[28]              57.0     15906.7762     2.91170    1.030E+03       8       0     316
Rovibration_vJ|7[29]              59.0     16010.5815     2.90858    1.031E+03       8       0     317
Rovibration_vJ|7[30]              61.0     16117.9231     2.90536    1.032E+03       8       0     318
Rovibration_vJ|7[31]              63.0     16228.7965     2.90204    1.033E+03       8       0     319
Rovibration_vJ|7[32]              65.0     16343.1971     2.89861    1.034E+03       8       0     320
Rovibration_vJ|8[0]                1.0     16408.5346     2.89665    1.035E+03       9       0     321
Rovibration_vJ|8[1]                3.0     16412.0997     2.89655    1.035E+03       9       0     322
Rovibration_vJ|8[2]                5.0     16419.2297     2.89633    1.035E+03       9       0     323
Rovibration_vJ|8[3]                7.0     16429.9243     2.89601    1.035E+03       9       0     324
Rovibration_vJ|8[4]                9.0     16444.1831     2.89558    1.035E+03       9       0     325
Rovibration_vJ|7[33]              67.0     16461.1204     2.89508    1.036E+03       8       0     326
Rovibration_vJ|8[5]               11.0     16462.0055     2.89505    1.036E+03       9       0     327
Rovibration_vJ|8[6]               13.0     16483.3907     2.89441    1.036E+03       9       0     328
Rovibration_vJ|8[7]               15.0     16508.3380     2.89366    1.036E+03       9       0     329
Rovibration_vJ|8[8]               17.0     16536.8462     2.89281    1.036E+03       9       0     330
Rovibration_vJ|8[9]               19.0     16568.9141     2.89184    1.037E+03       9       0     331
Rovibration_vJ|7[34]              69.0     16582.5615     2.89144    1.037E+03       8       0     332
Rovibration_vJ|8[10]              21.0     16604.5405     2.89078    1.037E+03       9       0     333
Rovibration_vJ|8[11]              23.0     16643.7239     2.88960    1.037E+03       9       0     334
Rovibration_vJ|8[12]              25.0     16686.4627     2.88832    1.038E+03       9       0     335
Rovibration_vJ|7[35]              71.0     16707.5153     2.88769    1.038E+03       8       0     336
Rovibration_vJ|8[13]              27.0     16732.7551     2.88693    1.038E+03       9       0     337
Rovibration_vJ|8[14]              29.0     16782.5992     2.88544    1.039E+03       9       0     338
Rovibration_vJ|7[36]              73.0     16835.9768     2.88384    1.040E+03       8       0     339
Rovibration_vJ|8[15]              31.0     16835.9929     2.88384    1.040E+03       9       0     340
Rovibration_vJ|8[16]              33.0     16892.9340     2.88213    1.040E+03       9       0     341
Rovibration_vJ|8[17]              35.0     16953.4202     2.88032    1.041E+03       9       0     342
Rovibration_vJ|7[37]              75.0     16967.9408     2.87988    1.041E+03       8       0     343
Rovibration_vJ|8[18]              37.0     17017.4491     2.87840    1.042E+03       9       0     344
Rovibration_vJ|8[19]              39.0     17085.0178     2.87637    1.042E+03       9       0     345
Rovibration_vJ|7[38]              77.0     17103.4017     2.87582    1.042E+03       8       0     346
Rovibration_vJ|8[20]              41.0     17156.1237     2.87424    1.043E+03       9       0     347
Rovibration_vJ|8[21]              43.0     17230.7639     2.87200    1.044E+03       9       0     348
Rovibration_vJ|7[39]              79.0     17242.3542     2.87166    1.044E+03       8       0     349
Rovibration_vJ|8[22]              45.0     17308.9351     2.86966    1.045E+03       9       0     350
Rovibration_vJ|7[40]              81.0     17384.7923     2.86739    1.046E+03       8       0     351
Rovibration_vJ|8[23]              47.0     17390.6343     2.86721    1.046E+03       9       0     352
Rovibration_vJ|8[24]              49.0     17475.8580     2.86465    1.047E+03       9       0     353
Rovibration_vJ|8[25]              51.0     17564.6028     2.86199    1.047E+03       9       0     354
Rovibration_vJ|8[26]              53.0     17656.8648     2.85923    1.049E+03       9       0     355
Rovibration_vJ|8[27]              55.0     17752.6405     2.85636    1.050E+03       9       0     356
Rovibration_vJ|8[28]              57.0     17851.9256     2.85338    1.051E+03       9       0     357
Rovibration_vJ|8[29]              59.0     17954.7163     2.85030    1.052E+03       9       0     358
Rovibration_vJ|8[30]              61.0     18061.0082     2.84711    1.053E+03       9       0     359
Rovibration_vJ|8[31]              63.0     18170.7969     2.84382    1.054E+03       9       0     360
Rovibration_vJ|8[32]              65.0     18284.0779     2.84043    1.055E+03       9       0     361
Rovibration_vJ|9[0]                1.0     18341.9044     2.83869    1.056E+03      10       0     362
Rovibration_vJ|9[1]                3.0     18345.4345     2.83859    1.056E+03      10       0     363
Rovibration_vJ|9[2]                5.0     18352.4945     2.83837    1.056E+03      10       0     364
Rovibration_vJ|9[3]                7.0     18363.0842     2.83806    1.056E+03      10       0     365
Rovibration_vJ|9[4]                9.0     18377.2031     2.83763    1.056E+03      10       0     366
Rovibration_vJ|9[5]               11.0     18394.8506     2.83710    1.057E+03      10       0     367
Rovibration_vJ|8[33]              67.0     18400.8465     2.83692    1.057E+03       9       0     368
Rovibration_vJ|9[6]               13.0     18416.0260     2.83647    1.057E+03      10       0     369
Rovibration_vJ|9[7]               15.0     18440.7284     2.83573    1.057E+03      10       0     370
Rovibration_vJ|9[8]               17.0     18468.9568     2.83488    1.058E+03      10       0     371
Rovibration_vJ|9[9]               19.0     18500.7100     2.83393    1.058E+03      10       0     372
Rovibration_vJ|8[34]              69.0     18521.0978     2.83332    1.058E+03       9       0     373
Rovibration_vJ|9[10]              21.0     18535.9866     2.83287    1.058E+03      10       0     374
Rovibration_vJ|9[11]              23.0     18574.7853     2.83171    1.059E+03      10       0     375
Rovibration_vJ|9[12]              25.0     18617.1043     2.83044    1.059E+03      10       0     376
Rovibration_vJ|8[35]              71.0     18644.8270     2.82961    1.059E+03       9       0     377
Rovibration_vJ|9[13]              27.0     18662.9420     2.82907    1.060E+03      10       0     378
Rovibration_vJ|9[14]              29.0     18712.2963     2.82759    1.060E+03      10       0     379
Rovibration_vJ|9[15]              31.0     18765.1654     2.82600    1.061E+03      10       0     380
Rovibration_vJ|8[36]              73.0     18772.0288     2.82580    1.061E+03       9       0     381
Rovibration_vJ|9[16]              33.0     18821.5468     2.82431    1.061E+03      10       0     382
Rovibration_vJ|9[17]              35.0     18881.4384     2.82252    1.062E+03      10       0     383
Rovibration_vJ|8[37]              75.0     18902.6980     2.82188    1.062E+03       9       0     384
Rovibration_vJ|9[18]              37.0     18944.8376     2.82062    1.063E+03      10       0     385
Rovibration_vJ|9[19]              39.0     19011.7418     2.81861    1.064E+03      10       0     386
Rovibration_vJ|8[38]              77.0     19036.8292     2.81786    1.064E+03       9       0     387
Rovibration_vJ|9[20]              41.0     19082.1481     2.81650    1.064E+03      10       0     388
Rovibration_vJ|9[21]              43.0     19156.0536     2.81428    1.065E+03      10       0     389
Rovibration_vJ|8[39]              79.0     19174.4168     2.81373    1.065E+03       9       0     390
Rovibration_vJ|9[22]              45.0     19233.4553     2.81196    1.066E+03      10       0     391
Rovibration_vJ|9[23]              47.0     19314.3499     2.80954    1.067E+03      10       0     392
Rovibration_vJ|8[40]              81.0     19315.4552     2.80950    1.067E+03       9       0     393
Rovibration_vJ|9[24]              49.0     19398.7341     2.80701    1.068E+03      10       0     394
Rovibration_vJ|9[25]              51.0     19486.6043     2.80437    1.069E+03      10       0     395
Rovibration_vJ|9[26]              53.0     19577.9568     2.80164    1.070E+03      10       0     396
Rovibration_vJ|9[27]              55.0     19672.7879     2.79879    1.071E+03      10       0     397
Rovibration_vJ|9[28]              57.0     19771.0935     2.79585    1.072E+03      10       0     398
Rovibration_vJ|9[29]              59.0     19872.8696     2.79279    1.073E+03      10       0     399
Rovibration_vJ|9[30]              61.0     19978.1120     2.78964    1.075E+03      10       0     400
Rovibration_vJ|9[31]              63.0     20086.8162     2.78638    1.076E+03      10       0     401
Rovibration_vJ|9[32]              65.0     20198.9776     2.78302    1.077E+03      10       0     402
Rovibration_vJ|10[0]               1.0     20249.3682     2.78151    1.078E+03      11       0     403
Rovibration_vJ|10[1]               3.0     20252.8634     2.78140    1.078E+03      11       0     404
Rovibration_vJ|10[2]               5.0     20259.8534     2.78119    1.078E+03      11       0     405
Rovibration_vJ|10[3]               7.0     20270.3382     2.78088    1.078E+03      11       0     406
Rovibration_vJ|10[4]               9.0     20284.3172     2.78046    1.078E+03      11       0     407
Rovibration_vJ|10[5]              11.0     20301.7899     2.77994    1.078E+03      11       0     408
Rovibration_vJ|9[33]              67.0     20314.5916     2.77955    1.079E+03      10       0     409
Rovibration_vJ|10[6]              13.0     20322.7555     2.77931    1.079E+03      11       0     410
Rovibration_vJ|10[7]              15.0     20347.2131     2.77857    1.079E+03      11       0     411
Rovibration_vJ|10[8]              17.0     20375.1617     2.77774    1.079E+03      11       0     412
Rovibration_vJ|10[9]              19.0     20406.6001     2.77679    1.080E+03      11       0     413
Rovibration_vJ|9[34]              69.0     20433.6534     2.77598    1.080E+03      10       0     414
Rovibration_vJ|10[10]             21.0     20441.5270     2.77575    1.080E+03      11       0     415
Rovibration_vJ|10[11]             23.0     20479.9410     2.77459    1.080E+03      11       0     416
Rovibration_vJ|10[12]             25.0     20521.8403     2.77334    1.081E+03      11       0     417
Rovibration_vJ|9[35]              71.0     20556.1580     2.77231    1.081E+03      10       0     418
Rovibration_vJ|10[13]             27.0     20567.2234     2.77198    1.082E+03      11       0     419
Rovibration_vJ|10[14]             29.0     20616.0881     2.77051    1.082E+03      11       0     420
Rovibration_vJ|10[15]             31.0     20668.4326     2.76894    1.083E+03      11       0     421
Rovibration_vJ|9[36]              73.0     20682.1002     2.76853    1.083E+03      10       0     422
Rovibration_vJ|10[16]             33.0     20724.2545     2.76727    1.083E+03      11       0     423
Rovibration_vJ|10[17]             35.0     20783.5515     2.76549    1.084E+03      11       0     424
Rovibration_vJ|9[37]              75.0     20811.4748     2.76466    1.084E+03      10       0     425
Rovibration_vJ|10[18]             37.0     20846.3211     2.76361    1.085E+03      11       0     426
Rovibration_vJ|10[19]             39.0     20912.5608     2.76162    1.086E+03      11       0     427
Rovibration_vJ|9[38]              77.0     20944.2763     2.76067    1.086E+03      10       0     428
Rovibration_vJ|10[20]             41.0     20982.2676     2.75953    1.086E+03      11       0     429
Rovibration_vJ|10[21]             43.0     21055.4387     2.75734    1.087E+03      11       0     430
Rovibration_vJ|9[39]              79.0     21080.4993     2.75659    1.088E+03      10       0     431
Rovibration_vJ|10[22]             45.0     21132.0709     2.75504    1.088E+03      11       0     432
Rovibration_vJ|10[23]             47.0     21212.1611     2.75264    1.089E+03      11       0     433
Rovibration_vJ|9[40]              81.0     21220.1380     2.75240    1.089E+03      10       0     434
Rovibration_vJ|10[24]             49.0     21295.7058     2.75014    1.090E+03      11       0     435
Rovibration_vJ|10[25]             51.0     21382.7015     2.74753    1.091E+03      11       0     436
Rovibration_vJ|10[26]             53.0     21473.1446     2.74482    1.092E+03      11       0     437
Rovibration_vJ|10[27]             55.0     21567.0313     2.74200    1.093E+03      11       0     438
Rovibration_vJ|10[28]             57.0     21664.3575     2.73909    1.094E+03      11       0     439
Rovibration_vJ|10[29]             59.0     21765.1193     2.73607    1.096E+03      11       0     440
Rovibration_vJ|10[30]             61.0     21869.3122     2.73294    1.097E+03      11       0     441
Rovibration_vJ|10[31]             63.0     21976.9319     2.72972    1.098E+03      11       0     442
Rovibration_vJ|10[32]             65.0     22087.9740     2.72639    1.100E+03      11       0     443
Rovibration_vJ|10[33]             67.0     22202.4336     2.72296    1.101E+03      11       0     444
Rovibration_vJ|10[34]             69.0     22320.3060     2.71942    1.102E+03      11       0     445
Rovibration_vJ|10[35]             71.0     22441.5861     2.71579    1.104E+03      11       0     446
Rovibration_vJ|10[36]             73.0     22566.2688     2.71205    1.105E+03      11       0     447
Rovibration_vJ|10[37]             75.0     22694.3490     2.70821    1.107E+03      11       0     448
Rovibration_vJ|10[38]             77.0     22825.8210     2.70427    1.109E+03      11       0     449
Rovibration_vJ|10[39]             79.0     22960.6795     2.70022    1.110E+03      11       0     450
Rovibration_vJ|10[40]             81.0     23098.9186     2.69608    1.112E+03      11       0     451
