 ***************************************************************************************************************
		Collisional data Omega(i,j) for Carbon Monoxide
  Data for transitions of the form v=0 -> v=v' come from Ogloblina et al. (2020): https://doi.org/10.1088/1361-6595/ab4e72
  Other transitions are derived from 0->v' data using the scaling relations laid out in Chandra & Sharma (2002): http://www.aanda.org/10.1051/0004-6361:20010874

  The collisional excitation rate is defined by

      		C(i,j) = 8.63D-8 * Omega(i,j) * exp(-E_diff) / g_i / sqrt(T)

 ***************************************************************************************************************

55                                     !Number of transitions
18                                     !Number of T values OMEGA tabulated at
1.0                                    !Scaling factor for OMEGA (non-FILE values)
0.0                                    !Value for OMEGA if f=0

Transition\T                                   0.10        0.20        0.30        0.40        0.50        0.60        0.80        1.00        1.20        1.40        1.60        2.00        2.50        3.00        3.50        4.00        5.00        6.00

Rovibration_vJ|0-Rovibration_vJ|1       1.11381E+01 2.71287E+01 7.09267E+01 1.51407E+02 2.55339E+02 3.67018E+02 5.75384E+02 7.40090E+02 8.59487E+02 9.41661E+02 9.95550E+02 1.04652E+03 1.04989E+03 1.02209E+03 9.81549E+02 9.36822E+02 8.48737E+02 7.70079E+02
Rovibration_vJ|0-Rovibration_vJ|2       3.04395E-01 7.87499E+00 3.75306E+01 8.45602E+01 1.37116E+02 1.87394E+02 2.69393E+02 3.25051E+02 3.59884E+02 3.80014E+02 3.90141E+02 3.92496E+02 3.79082E+02 3.59170E+02 3.37931E+02 3.17380E+02 2.80751E+02 2.50425E+02
Rovibration_vJ|0-Rovibration_vJ|3       2.35717E-01 1.02571E+01 3.93601E+01 7.62223E+01 1.11308E+02 1.40929E+02 1.82512E+02 2.05668E+02 2.16931E+02 2.20899E+02 2.20465E+02 2.12825E+02 1.98539E+02 1.83626E+02 1.69720E+02 1.57229E+02 1.36361E+02 1.19986E+02
Rovibration_vJ|0-Rovibration_vJ|4       5.75237E-01 1.26379E+01 3.79180E+01 6.45896E+01 8.71321E+01 1.04509E+02 1.26259E+02 1.36291E+02 1.39595E+02 1.39140E+02 1.36619E+02 1.28848E+02 1.17925E+02 1.07659E+02 9.85720E+01 9.06656E+01 7.78353E+01 6.80173E+01
Rovibration_vJ|0-Rovibration_vJ|5       8.38101E-01 1.23811E+01 3.04467E+01 4.64428E+01 5.83927E+01 6.66864E+01 7.55579E+01 7.83361E+01 7.80341E+01 7.62106E+01 7.36727E+01 6.79493E+01 6.10627E+01 5.50586E+01 4.99595E+01 4.56399E+01 3.88047E+01 3.36899E+01
Rovibration_vJ|0-Rovibration_vJ|6       8.30081E-01 7.07440E+00 1.55994E+01 2.27438E+01 2.79000E+01 3.13624E+01 3.48351E+01 3.56667E+01 3.52158E+01 3.41633E+01 3.28518E+01 3.00631E+01 2.68353E+01 2.40822E+01 2.17749E+01 1.98379E+01 1.68004E+01 1.45462E+01
Rovibration_vJ|0-Rovibration_vJ|7       3.83485E+00 6.86596E+00 9.78558E+00 1.20130E+01 1.35186E+01 1.44519E+01 1.51995E+01 1.51255E+01 1.46787E+01 1.40769E+01 1.34258E+01 1.21528E+01 1.07586E+01 9.60388E+00 8.65181E+00 7.86086E+00 6.63247E+00 5.72860E+00
Rovibration_vJ|0-Rovibration_vJ|8       3.87705E+00 6.44292E+00 8.14613E+00 9.09093E+00 9.53427E+00 9.66941E+00 9.46138E+00 8.98741E+00 8.44517E+00 7.91012E+00 7.40983E+00 6.53810E+00 5.66940E+00 4.99086E+00 4.45131E+00 4.01401E+00 3.35109E+00 2.87397E+00
Rovibration_vJ|0-Rovibration_vJ|9       8.69418E-01 2.53533E+00 3.56413E+00 4.11161E+00 4.36713E+00 4.45123E+00 4.36314E+00 4.13761E+00 3.87866E+00 3.62428E+00 3.38769E+00 2.97839E+00 2.57397E+00 2.26029E+00 2.01213E+00 1.81178E+00 1.50932E+00 1.29253E+00
Rovibration_vJ|0-Rovibration_vJ|10      6.91101E-01 1.34709E+00 1.65594E+00 1.79291E+00 1.83680E+00 1.82949E+00 1.74460E+00 1.62862E+00 1.51134E+00 1.40234E+00 1.30408E+00 1.13853E+00 9.78632E-01 8.56364E-01 7.60486E-01 6.83534E-01 5.68024E-01 4.85655E-01
Rovibration_vJ|1-Rovibration_vJ|2       7.15315E-02 8.66163E+00 6.90503E+01 2.01215E+02 3.80727E+02 5.76720E+02 9.42874E+02 1.22895E+03 1.43248E+03 1.56922E+03 1.65606E+03 1.73159E+03 1.72484E+03 1.66822E+03 1.59282E+03 1.51253E+03 1.35878E+03 1.22455E+03
Rovibration_vJ|1-Rovibration_vJ|3       5.53924E-02 1.12817E+01 7.24162E+01 1.81375E+02 3.09066E+02 4.33722E+02 6.38791E+02 7.77586E+02 8.63468E+02 9.12174E+02 9.35824E+02 9.38933E+02 9.03363E+02 8.52881E+02 7.99963E+02 7.49307E+02 6.59964E+02 5.86717E+02
Rovibration_vJ|1-Rovibration_vJ|4       1.35178E-01 1.39004E+01 6.97630E+01 1.53694E+02 2.41937E+02 3.21635E+02 4.41908E+02 5.15289E+02 5.55643E+02 5.74560E+02 5.79917E+02 5.68444E+02 5.36567E+02 5.00042E+02 4.64613E+02 4.32084E+02 3.76708E+02 3.32596E+02
Rovibration_vJ|1-Rovibration_vJ|5       1.96950E-01 1.36179E+01 5.60171E+01 1.10513E+02 1.62137E+02 2.05233E+02 2.64452E+02 2.96172E+02 3.10606E+02 3.14702E+02 3.12723E+02 2.99776E+02 2.77839E+02 2.55729E+02 2.35481E+02 2.17506E+02 1.87808E+02 1.64739E+02
Rovibration_vJ|1-Rovibration_vJ|6       1.95065E-01 7.78107E+00 2.87005E+01 5.41200E+01 7.74690E+01 9.65204E+01 1.21923E+02 1.34848E+02 1.40172E+02 1.41073E+02 1.39448E+02 1.32631E+02 1.22102E+02 1.11854E+02 1.02635E+02 9.45414E+01 8.13107E+01 7.11293E+01
Rovibration_vJ|1-Rovibration_vJ|7       9.01172E-01 7.55181E+00 1.80039E+01 2.85856E+01 3.75366E+01 4.44769E+01 5.31980E+01 5.71864E+01 5.84270E+01 5.81290E+01 5.69894E+01 5.36150E+01 4.89524E+01 4.46068E+01 4.07798E+01 3.74624E+01 3.20999E+01 2.80121E+01
Rovibration_vJ|1-Rovibration_vJ|8       9.11089E-01 7.08652E+00 1.49876E+01 2.16323E+01 2.64735E+01 2.97584E+01 3.31148E+01 3.39795E+01 3.36150E+01 3.26639E+01 3.14530E+01 2.88445E+01 2.57961E+01 2.31809E+01 2.09810E+01 1.91295E+01 1.62187E+01 1.40534E+01
Rovibration_vJ|1-Rovibration_vJ|9       2.04309E-01 2.78859E+00 6.55743E+00 9.78378E+00 1.21261E+01 1.36990E+01 1.52710E+01 1.56434E+01 1.54386E+01 1.49660E+01 1.43800E+01 1.31399E+01 1.17117E+01 1.04983E+01 9.48406E+00 8.63439E+00 7.30484E+00 6.32029E+00
Rovibration_vJ|1-Rovibration_vJ|10      1.62406E-01 1.48165E+00 3.04666E+00 4.26633E+00 5.10019E+00 5.63041E+00 6.10611E+00 6.15746E+00 6.01571E+00 5.79081E+00 5.53554E+00 5.02293E+00 4.45283E+00 3.97752E+00 3.58450E+00 3.25751E+00 2.74913E+00 2.37479E+00
Rovibration_vJ|2-Rovibration_vJ|3       5.03106E-03 5.02383E+00 5.47828E+01 1.78838E+02 3.57256E+02 5.57403E+02 9.37248E+02 1.23528E+03 1.44637E+03 1.58690E+03 1.67493E+03 1.74863E+03 1.73674E+03 1.67481E+03 1.59486E+03 1.51093E+03 1.35211E+03 1.21485E+03
Rovibration_vJ|2-Rovibration_vJ|4       1.22776E-02 6.18991E+00 5.27757E+01 1.51545E+02 2.79660E+02 4.13354E+02 6.48377E+02 8.18595E+02 9.30742E+02 9.99558E+02 1.03793E+03 1.05865E+03 1.03156E+03 9.81940E+02 9.26287E+02 8.71273E+02 7.71784E+02 6.88668E+02
Rovibration_vJ|2-Rovibration_vJ|5       1.78881E-02 6.06413E+00 4.23769E+01 1.08967E+02 1.87418E+02 2.63758E+02 3.88010E+02 4.70503E+02 5.20287E+02 5.47485E+02 5.59709E+02 5.58290E+02 5.34153E+02 5.02178E+02 4.69472E+02 4.38587E+02 3.84772E+02 3.41107E+02
Rovibration_vJ|2-Rovibration_vJ|6       1.77169E-02 3.46496E+00 2.17119E+01 5.33631E+01 8.95481E+01 1.24044E+02 1.78888E+02 2.14222E+02 2.34799E+02 2.45424E+02 2.49583E+02 2.47007E+02 2.34745E+02 2.19649E+02 2.04620E+02 1.90637E+02 1.66586E+02 1.47279E+02
Rovibration_vJ|2-Rovibration_vJ|7       8.18497E-02 3.36287E+00 1.36199E+01 2.81858E+01 4.33894E+01 5.71601E+01 7.80533E+01 9.08471E+01 9.78695E+01 1.01127E+02 1.01999E+02 9.98503E+01 9.41123E+01 8.75950E+01 8.13016E+01 7.55408E+01 6.57650E+01 5.80014E+01
Rovibration_vJ|2-Rovibration_vJ|8       8.27504E-02 3.15567E+00 1.13381E+01 2.13298E+01 3.06013E+01 3.82445E+01 4.85867E+01 5.39803E+01 5.63076E+01 5.68251E+01 5.62943E+01 5.37188E+01 4.95937E+01 4.55206E+01 4.18293E+01 3.85736E+01 3.32281E+01 2.90987E+01
Rovibration_vJ|2-Rovibration_vJ|9       1.85565E-02 1.24177E+00 4.96069E+00 9.64695E+00 1.40168E+01 1.76055E+01 2.24059E+01 2.48513E+01 2.58607E+01 2.60362E+01 2.57371E+01 2.44712E+01 2.25161E+01 2.06156E+01 1.89081E+01 1.74108E+01 1.49658E+01 1.30867E+01
Rovibration_vJ|2-Rovibration_vJ|10      1.47506E-02 6.59790E-01 2.30480E+00 4.20666E+00 5.89542E+00 7.23599E+00 8.95902E+00 9.78182E+00 1.00767E+01 1.00742E+01 9.90745E+00 9.35449E+00 8.56069E+00 7.81072E+00 7.14633E+00 6.56858E+00 5.63230E+00 4.91720E+00
Rovibration_vJ|3-Rovibration_vJ|4       9.71448E-04 2.34617E+00 3.37208E+01 1.25719E+02 2.71349E+02 4.45222E+02 7.95755E+02 1.08653E+03 1.30160E+03 1.45097E+03 1.54941E+03 1.64346E+03 1.65239E+03 1.60610E+03 1.53784E+03 1.46278E+03 1.31621E+03 1.18679E+03
Rovibration_vJ|3-Rovibration_vJ|5       1.41537E-03 2.29849E+00 2.70766E+01 9.03975E+01 1.81848E+02 2.84093E+02 4.76207E+02 6.24501E+02 7.27599E+02 7.94733E+02 8.35528E+02 8.66697E+02 8.55619E+02 8.21380E+02 7.79428E+02 7.36346E+02 6.56196E+02 5.87835E+02
Rovibration_vJ|3-Rovibration_vJ|6       1.40182E-03 1.31333E+00 1.38727E+01 4.42691E+01 8.68866E+01 1.33608E+02 2.19550E+02 2.84338E+02 3.28356E+02 3.56259E+02 3.72575E+02 3.83457E+02 3.76020E+02 3.59265E+02 3.39715E+02 3.20062E+02 2.84098E+02 2.53809E+02
Rovibration_vJ|3-Rovibration_vJ|7       6.47622E-03 1.27463E+00 8.70241E+00 2.33825E+01 4.20998E+01 6.15669E+01 9.57951E+01 1.20582E+02 1.36866E+02 1.46796E+02 1.52263E+02 1.55009E+02 1.50751E+02 1.43274E+02 1.34979E+02 1.26826E+02 1.12156E+02 9.99550E+01
Rovibration_vJ|3-Rovibration_vJ|8       6.54748E-03 1.19610E+00 7.24443E+00 1.76948E+01 2.96918E+01 4.11930E+01 5.96307E+01 7.16482E+01 7.87438E+01 8.24877E+01 8.40355E+01 8.33938E+01 7.94404E+01 7.44551E+01 6.94459E+01 6.47614E+01 5.66676E+01 5.01463E+01
Rovibration_vJ|3-Rovibration_vJ|9       1.46826E-03 4.70671E-01 3.16962E+00 8.00294E+00 1.36002E+01 1.89628E+01 2.74989E+01 3.29853E+01 3.61651E+01 3.77944E+01 3.84201E+01 3.79895E+01 3.60669E+01 3.37196E+01 3.13917E+01 2.92310E+01 2.55229E+01 2.25526E+01
Rovibration_vJ|3-Rovibration_vJ|10      1.16712E-03 2.50081E-01 1.47264E+00 3.48977E+00 5.72020E+00 7.79386E+00 1.09954E+01 1.29835E+01 1.40919E+01 1.46238E+01 1.47897E+01 1.45220E+01 1.37127E+01 1.27755E+01 1.18645E+01 1.10280E+01 9.60539E+00 8.47391E+00
Rovibration_vJ|4-Rovibration_vJ|5       1.15502E-04 8.47877E-01 1.65148E+01 7.08977E+01 1.65844E+02 2.86504E+02 5.44582E+02 7.70123E+02 9.43535E+02 1.06828E+03 1.15379E+03 1.24283E+03 1.26453E+03 1.23859E+03 1.19234E+03 1.13864E+03 1.03012E+03 9.32133E+02
Rovibration_vJ|4-Rovibration_vJ|6       1.14396E-04 4.84465E-01 8.46140E+00 3.47197E+01 7.92402E+01 1.34742E+02 2.51074E+02 3.50640E+02 4.25805E+02 4.78885E+02 5.14491E+02 5.49870E+02 5.55723E+02 5.41749E+02 5.19681E+02 4.94922E+02 4.45987E+02 4.02466E+02
Rovibration_vJ|4-Rovibration_vJ|7       5.28494E-04 4.70191E-01 5.30787E+00 1.83386E+01 3.83948E+01 6.20895E+01 1.09550E+02 1.48699E+02 1.77485E+02 1.97324E+02 2.10261E+02 2.22280E+02 2.22797E+02 2.16047E+02 2.06485E+02 1.96115E+02 1.76067E+02 1.58499E+02
Rovibration_vJ|4-Rovibration_vJ|8       5.34310E-04 4.41221E-01 4.41860E+00 1.38778E+01 2.70788E+01 4.15426E+01 6.81927E+01 8.83552E+01 1.02113E+02 1.10880E+02 1.16045E+02 1.19585E+02 1.17406E+02 1.12273E+02 1.06235E+02 1.00143E+02 8.89588E+01 7.95172E+01
Rovibration_vJ|4-Rovibration_vJ|9       1.19818E-04 1.73623E-01 1.93325E+00 6.27661E+00 1.24033E+01 1.91238E+01 3.14473E+01 4.06768E+01 4.68981E+01 5.08033E+01 5.30546E+01 5.44763E+01 5.33035E+01 5.08470E+01 4.80217E+01 4.52008E+01 4.00668E+01 3.57617E+01
Rovibration_vJ|4-Rovibration_vJ|10      9.52431E-05 9.22507E-02 8.98209E-01 2.73699E+00 5.21680E+00 7.86002E+00 1.25742E+01 1.60110E+01 1.82741E+01 1.96574E+01 2.04232E+01 2.08244E+01 2.02661E+01 1.92646E+01 1.81498E+01 1.70530E+01 1.50789E+01 1.34371E+01
Rovibration_vJ|5-Rovibration_vJ|6       8.87435E-06 1.69886E-01 4.90601E+00 2.58855E+01 6.86980E+01 1.29175E+02 2.72945E+02 4.11049E+02 5.24907E+02 6.11930E+02 6.75380E+02 7.49566E+02 7.80748E+02 7.76581E+02 7.55728E+02 7.27520E+02 6.65552E+02 6.06676E+02
Rovibration_vJ|5-Rovibration_vJ|7       4.09982E-05 1.64881E-01 3.07756E+00 1.36725E+01 3.32867E+01 5.95243E+01 1.19093E+02 1.74318E+02 2.18793E+02 2.52145E+02 2.76013E+02 3.03006E+02 3.13013E+02 3.09697E+02 3.00273E+02 2.88283E+02 2.62747E+02 2.38921E+02
Rovibration_vJ|5-Rovibration_vJ|8       4.14493E-05 1.54722E-01 2.56195E+00 1.03467E+01 2.34762E+01 3.98263E+01 7.41331E+01 1.03577E+02 1.25879E+02 1.41685E+02 1.52334E+02 1.63015E+02 1.64946E+02 1.60941E+02 1.54489E+02 1.47207E+02 1.32754E+02 1.19864E+02
Rovibration_vJ|5-Rovibration_vJ|9       9.29490E-06 6.08840E-02 1.12092E+00 4.67957E+00 1.07532E+01 1.83337E+01 3.41867E+01 4.76848E+01 5.78132E+01 6.49177E+01 6.96455E+01 7.42604E+01 7.48874E+01 7.28877E+01 6.98338E+01 6.64438E+01 5.97923E+01 5.39071E+01
Rovibration_vJ|5-Rovibration_vJ|10      7.38853E-06 3.23493E-02 5.20791E-01 2.04058E+00 4.52275E+00 7.53529E+00 1.36696E+01 1.87694E+01 2.25272E+01 2.51187E+01 2.68099E+01 2.83871E+01 2.84724E+01 2.76153E+01 2.63937E+01 2.50673E+01 2.25024E+01 2.02551E+01
Rovibration_vJ|6-Rovibration_vJ|7       3.04471E-06 5.53507E-02 1.70824E+00 9.75856E+00 2.76266E+01 5.46297E+01 1.23942E+02 1.95628E+02 2.58204E+02 3.08446E+02 3.46862E+02 3.95419E+02 4.20991E+02 4.24995E+02 4.18025E+02 4.05681E+02 3.75367E+02 3.44778E+02
Rovibration_vJ|6-Rovibration_vJ|8       3.07822E-06 5.19403E-02 1.42205E+00 7.38485E+00 1.94842E+01 3.65514E+01 7.71514E+01 1.16240E+02 1.48554E+02 1.73322E+02 1.91437E+02 2.12733E+02 2.21847E+02 2.20857E+02 2.15072E+02 2.07154E+02 1.89656E+02 1.72971E+02
Rovibration_vJ|6-Rovibration_vJ|9       6.90282E-07 2.04388E-02 6.22181E-01 3.33999E+00 8.92466E+00 1.68261E+01 3.55786E+01 5.35143E+01 6.82270E+01 7.94130E+01 8.75228E+01 9.69090E+01 1.00721E+02 1.00023E+02 9.72191E+01 9.35018E+01 8.54206E+01 7.77913E+01
Rovibration_vJ|6-Rovibration_vJ|10      5.48706E-07 1.08597E-02 2.89073E-01 1.45644E+00 3.75369E+00 6.91566E+00 1.42261E+01 2.10639E+01 2.65850E+01 3.07273E+01 3.36917E+01 3.70449E+01 3.82944E+01 3.78962E+01 3.67440E+01 3.52756E+01 3.21475E+01 2.92293E+01
Rovibration_vJ|7-Rovibration_vJ|8       2.50655E-07 1.80407E-02 8.01040E-01 5.29758E+00 1.61591E+01 3.33914E+01 7.95375E+01 1.28849E+02 1.72826E+02 2.08727E+02 2.36592E+02 2.72621E+02 2.92669E+02 2.97054E+02 2.93296E+02 2.85441E+02 2.65148E+02 2.44172E+02
Rovibration_vJ|7-Rovibration_vJ|9       5.62087E-08 7.09913E-03 3.50475E-01 2.39596E+00 7.40158E+00 1.53714E+01 3.66789E+01 5.93194E+01 7.93747E+01 9.56350E+01 1.08167E+02 1.24191E+02 1.32875E+02 1.34531E+02 1.32579E+02 1.28838E+02 1.19422E+02 1.09813E+02
Rovibration_vJ|7-Rovibration_vJ|10      4.46804E-08 3.77197E-03 1.62835E-01 1.04479E+00 3.11308E+00 6.31778E+00 1.46661E+01 2.33489E+01 3.09288E+01 3.70042E+01 4.16388E+01 4.74737E+01 5.05194E+01 5.09705E+01 5.01083E+01 4.86068E+01 4.49438E+01 4.12611E+01
Rovibration_vJ|8-Rovibration_vJ|9       4.45090E-09 2.39785E-03 1.91983E-01 1.67141E+00 5.96930E+00 1.36556E+01 3.67716E+01 6.39427E+01 8.97998E+01 1.11998E+02 1.29998E+02 1.54767E+02 1.70464E+02 1.75960E+02 1.75819E+02 1.72637E+02 1.62358E+02 1.50745E+02
Rovibration_vJ|8-Rovibration_vJ|10      3.53802E-09 1.27404E-03 8.91978E-02 7.28837E-01 2.51067E+00 5.61257E+00 1.47031E+01 2.51687E+01 3.49909E+01 4.33354E+01 5.00426E+01 5.91621E+01 6.48111E+01 6.66667E+01 6.64507E+01 6.51309E+01 6.11025E+01 5.66409E+01
Rovibration_vJ|9-Rovibration_vJ|10      3.13395E-10 4.54244E-04 5.05883E-02 5.21341E-01 2.06424E+00 5.06348E+00 1.48969E+01 2.73391E+01 3.98142E+01 5.09712E+01 6.03422E+01 7.38660E+01 8.32043E+01 8.71905E+01 8.80682E+01 8.71819E+01 8.29366E+01 7.75978E+01
